procs -----------memory---------- ---swap-- -----io---- -system-- -------cpu------- -----timestamp-----
 r  b   swpd   free   buff  cache   si   so    bi    bo   in   cs us sy id wa st gu                 JST
 2  0    140 8303236 170404 6391368    0    0   755   647 1851    0 32  0 67  0  0  0 2026-10-06 09:06:00
 2  0    140 8291564 170412 6392140    0    0     0    33 1849 1418 13  1 87  0  0  0 2026-10-06 09:06:05
 2  0    140 8278128 170420 6392552    0    0     0     6 1995 1816 13  2 86  0  0  0 2026-10-06 09:06:10
 2  0    140 8287492 170432 6393156    0    0     0   105 1626 1024 13  1 87  0  0  0 2026-10-06 09:06:15
 3  0    140 8250556 170440 6406352    0    0  1514   342 1886 1505 13  0 87  0  0  0 2026-10-06 09:06:20
 3  0    140 8236824 170448 6414612    0    0  2558   267 4152 5802 14  2 84  0  0  0 2026-10-06 09:06:25
 2  0    140 8224620 170460 6421620    0    0  1265   130 2007 1647 13  2 85  0  0  0 2026-10-06 09:06:30
 2  0    140 8204824 170468 6422312    0    0     9    48 1606 1153 13  1 86  0  0  0 2026-10-06 09:06:35
 2  0    140 8207080 170476 6422952    0    0     0    22 1254  616 12  0 87  0  0  0 2026-10-06 09:06:40
 2  0    140 8188452 170488 6423464    0    0     0    22 1261  591 13  0 87  0  0  0 2026-10-06 09:06:45
 2  0    140 8142248 170488 6449244    0    0  5030    91 1385  792 13  1 87  0  0  0 2026-10-06 09:06:50
 2  0    140 8154108 170496 6450016    0    0     0   338 1156  422 12  0 87  0  0  0 2026-10-06 09:06:55
 2  0    140 8112908 170660 6465952    0    0  2720   302 1847 1788 13  0 87  0  0  0 2026-10-06 09:07:00
 2  0    140 8096940 170668 6466996    0    0     0   312 1159  413 12  1 87  0  0  0 2026-10-06 09:07:05
 2  0    140 8043848 170828 6500616    0    0  1526  1090 2075 1628 15  1 84  0  0  0 2026-10-06 09:07:10
 2  0    140 8070844 170840 6501216    0    0     0    64 1303  629 13  0 87  0  0  0 2026-10-06 09:07:15
 2  0    140 8064844 170848 6501864    0    0     0    84 1503  886 13  1 87  0  0  0 2026-10-06 09:07:20
 2  0    140 8072276 170848 6502456    0    0     0     5 1738 1376 13  1 86  0  0  0 2026-10-06 09:07:25
 2  0    140 8055364 170856 6503084    0    0     0   594 1565  989 12  2 86  0  0  0 2026-10-06 09:07:30
 2  0    140 8048992 170864 6503620    0    0     0   518 1533  917 12  2 86  0  0  0 2026-10-06 09:07:35
 2  0    140 8047392 170872 6504280    0    0     0   581 1567  945 12  2 86  0  0  0 2026-10-06 09:07:40
procs -----------memory---------- ---swap-- -----io---- -system-- -------cpu------- -----timestamp-----
 r  b   swpd   free   buff  cache   si   so    bi    bo   in   cs us sy id wa st gu                 JST
 2  0    140 8039404 170880 6504900    0    0     0  4199 1526  869 12  2 86  0  0  0 2026-10-06 09:07:45
 2  0    140 8036884 170892 6505372    0    0     0   188 1427  707 12  2 86  0  0  0 2026-10-06 09:07:50
 2  0    140 8015636 170900 6506020    0    0     0    15 1420  693 13  0 87  0  0  0 2026-10-06 09:07:55
 2  0    140 8011336 170908 6506676    0    0     0   307 1226  495 12  1 87  0  0  0 2026-10-06 09:08:00
 2  0    140 8010388 170916 6507332    0    0     0   303 1311  560 13  1 87  0  0  0 2026-10-06 09:08:05
 2  0    140 7984984 170940 6507992    0    0    27    46 1544  953 13  0 87  0  0  0 2026-10-06 09:08:10
 2  0    140 7990124 170940 6508652    0    0     0   209 1465  801 13  0 87  0  0  0 2026-10-06 09:08:15
 2  0    140 7974024 170952 6509108    0    0     0   101 1578  983 13  0 87  0  0  0 2026-10-06 09:08:20
 2  0    140 7995820 170960 6509736    0    0     0    34 2143 2126 13  0 87  0  0  0 2026-10-06 09:08:25
 2  0    140 7975048 170968 6510412    0    0     0   277 1541  942 13  0 87  0  0  0 2026-10-06 09:08:30
 2  0    140 7966884 170976 6511068    0    0     0    30 1545  929 13  0 87  0  0  0 2026-10-06 09:08:35
 2  0    140 7938164 170984 6511600    0    0     0   296 1535  916 13  0 87  0  0  0 2026-10-06 09:08:40
 2  0    140 7938796 170992 6512184    0    0     0    30 1316  669 13  0 87  0  0  0 2026-10-06 09:08:45
 2  0    140 7934968 171004 6512724    0    0     0   224 1121  363 12  0 87  0  0  0 2026-10-06 09:08:50
 2  0    140 7918504 171012 6513928    0    0   142    38 1403  806 13  0 87  0  0  0 2026-10-06 09:08:55
 2  0    140 7913680 171020 6514592    0    0     0    27 1165  414 13  0 87  0  0  0 2026-10-06 09:09:00
 2  0    140 7867448 171032 6522164    0    0  1387   322 2529 2862 13  0 87  0  0  0 2026-10-06 09:09:05
 2  0    140 7852816 171040 6522740    0    0     0    62 1149  414 13  0 87  0  0  0 2026-10-06 09:09:10
 2  0    140 6436824 171784 7887836    0    0 273049   954 6634 7499 13  3 79  6  0  0 2026-10-06 09:09:15
 3  0    140 6454636 171784 7888624    0    0     0     0 1544 1115 13  0 87  0  0  0 2026-10-06 09:09:20
 2  0    140 6473788 171796 7889000    0    0     0   681 1403  850 13  0 87  0  0  0 2026-10-06 09:09:25
procs -----------memory---------- ---swap-- -----io---- -system-- -------cpu------- -----timestamp-----
 r  b   swpd   free   buff  cache   si   so    bi    bo   in   cs us sy id wa st gu                 JST
 2  0    140 6490068 171804 7889584    0    0     0   183 1559 1087 13  0 87  0  0  0 2026-10-06 09:09:30
 2  0    140 6492456 171812 7890156    0    0     0    53 1292  642 13  0 87  0  0  0 2026-10-06 09:09:35
 2  0    140 6490268 171820 7890624    0    0     0    22 1406  804 13  0 87  0  0  0 2026-10-06 09:09:40
 2  0    140 6494020 171828 7891296    0    0     0   260 1580 1069 13  0 87  0  0  0 2026-10-06 09:09:45
 2  0    140 6486524 171840 7891940    0    0     0    34 1416  704 13  0 87  0  0  0 2026-10-06 09:09:50
 2  0    140 6464260 171848 7892508    0    0     0   285 1446  715 13  0 87  0  0  0 2026-10-06 09:09:55
 2  0    140 6474168 171856 7893136    0    0     0   173 1416  704 13  0 87  0  0  0 2026-10-06 09:10:00
 2  0    140 6469472 171864 7893644    0    0     0    41 1416  692 13  0 87  0  0  0 2026-10-06 09:10:05
 2  0    140 6452092 171872 7894308    0    0     0    46 1404  689 12  1 87  0  0  0 2026-10-06 09:10:10
 2  0    140 6448612 171880 7894928    0    0     0   289 1443  745 12  2 85  0  0  0 2026-10-06 09:10:15
 2  0    140 6433872 171892 7895368    0    0     0    22 1429  711 12  2 86  0  0  0 2026-10-06 09:10:20
 2  0    140 6437704 171892 7895976    0    0     0     2 1462  765 12  2 85  0  0  0 2026-10-06 09:10:25
 3  0    140 6430608 171900 7896652    0    0     0   302 1405  693 13  0 87  0  0  0 2026-10-06 09:10:30
 2  0    140 6431412 171908 7897116    0    0     0   201 1437  732 13  0 87  0  0  0 2026-10-06 09:10:35
 2  0    140 6408588 171916 7897908    0    0     0    34 1410  691 13  0 87  0  0  0 2026-10-06 09:10:40
 2  0    140 6413460 171924 7898308    0    0     0    47 1522  834 13  0 87  0  0  0 2026-10-06 09:10:45
 3  0    140 6393100 171932 7898972    0    0     0   306 1415  699 13  0 87  0  0  0 2026-10-06 09:10:50
 2  0    140 6385392 171944 7899572    0    0     0    12 1503  805 13  0 87  0  0  0 2026-10-06 09:10:55
 2  0    140 6376776 171952 7900040    0    0     0     6 1407  690 13  0 87  0  0  0 2026-10-06 09:11:00
 2  0    140 6373516 171960 7900688    0    0     0   462 1441  745 13  0 87  0  0  0 2026-10-06 09:11:05
 2  0    140 6367964 171968 7901360    0    0     0    18 1399  688 13  0 87  0  0  0 2026-10-06 09:11:10
procs -----------memory---------- ---swap-- -----io---- -system-- -------cpu------- -----timestamp-----
 r  b   swpd   free   buff  cache   si   so    bi    bo   in   cs us sy id wa st gu                 JST
 2  0    140 6372512 171976 7901900    0    0     0    22 1647 1117 13  0 87  0  0  0 2026-10-06 09:11:15
 2  0    140 6333032 172100 7922828    0    0  4050   131 1955 1467 13  0 87  0  0  0 2026-10-06 09:11:20
 2  0    140 6331244 172108 7923484    0    0     0   306 1724 1156 13  0 87  0  0  0 2026-10-06 09:11:25
 2  0    140 6330440 172108 7923912    0    0     0     0 1444  751 13  0 87  0  0  0 2026-10-06 09:11:30
 2  0    140 6335432 172116 7924416    0    0     0     6 1468  758 13  0 87  0  0  0 2026-10-06 09:11:35
 3  0    140 6312904 172124 7925040    0    0     0   463 1428  701 13  0 87  0  0  0 2026-10-06 09:11:40
 2  0    140 6315828 172132 7925624    0    0     0    91 1467  754 13  0 87  0  0  0 2026-10-06 09:11:45
 2  0    140 6294224 172140 7926264    0    0     0    30 1427  696 13  0 87  0  0  0 2026-10-06 09:11:50
 2  0    140 6272612 172152 7926736    0    0     0    58 1496  784 13  0 87  0  0  0 2026-10-06 09:11:55
 2  0    140 6290116 172160 7927372    0    0     0   306 1425  700 13  0 87  0  0  0 2026-10-06 09:12:00
 2  0    140 6283684 172168 7927828    0    0     0     8 1439  698 13  0 87  0  0  0 2026-10-06 09:12:05
 2  0    140 6264752 172176 7928252    0    0     0     7 1442  744 13  0 87  0  0  0 2026-10-06 09:12:10
 2  0    140 6275344 172184 7928908    0    0     0   476 1471  774 13  0 87  0  0  0 2026-10-06 09:12:15
 2  0    140 6260812 172184 7929464    0    0     0    11 1423  692 13  0 87  0  0  0 2026-10-06 09:12:20
 2  0    140 6247896 172196 7930108    0    0     0    35 1513  806 13  0 87  0  0  0 2026-10-06 09:12:25
 2  0    140 6250932 172204 7930384    0    0     0    34 1414  698 12  0 87  0  0  0 2026-10-06 09:12:30
 3  0    140 6248864 172212 7931024    0    0     0    23 1871 1575 13  0 87  0  0  0 2026-10-06 09:12:35
 2  0    140 6245292 172220 7931660    0    0     0   294 1431  698 13  0 87  0  0  0 2026-10-06 09:12:40
 2  0    140 6239268 172228 7932208    0    0     0   310 1484  807 12  2 86  0  0  0 2026-10-06 09:12:45
 2  0    140 6245328 172236 7932676    0    0     0   130 1416  693 13  1 87  0  0  0 2026-10-06 09:12:50
 2  0    140 6247532 172248 7933200    0    0     0    14 1511  848 13  0 87  0  0  0 2026-10-06 09:12:55
procs -----------memory---------- ---swap-- -----io---- -system-- -------cpu------- -----timestamp-----
 r  b   swpd   free   buff  cache   si   so    bi    bo   in   cs us sy id wa st gu                 JST
 2  0    140 6230272 172256 7933692    0    0     0    22 1424  701 13  0 87  0  0  0 2026-10-06 09:13:00
 2  0    140 6214208 172256 7934344    0    0     0     0 1426  696 12  0 87  0  0  0 2026-10-06 09:13:05
 2  0    140 6212104 172264 7934868    0    0     0    17 1417  692 13  0 87  0  0  0 2026-10-06 09:13:10
 2  0    140 6202236 172272 7935480    0    0     0    43 1455  766 13  0 87  0  0  0 2026-10-06 09:13:15
 2  0    140 6198776 172280 7936100    0    0     0   292 1435  714 13  0 87  0  0  0 2026-10-06 09:13:20
 2  0    140 6200540 172288 7936424    0    0     0   338 1491  804 13  0 87  0  0  0 2026-10-06 09:13:25
 2  0    140 6184756 172300 7937032    0    0     0   120 1413  688 13  0 87  0  0  0 2026-10-06 09:13:30
 2  0    140 6176616 172308 7937696    0    0     0    26 1443  742 13  0 87  0  0  0 2026-10-06 09:13:35
 2  0    140 6173116 172316 7938180    0    0     0     6 1423  698 13  0 87  0  0  0 2026-10-06 09:13:40
 2  0    140 6166700 172324 7938784    0    0     0    20 1524  847 13  0 87  0  0  0 2026-10-06 09:13:45
 2  0    140 6149632 172332 7939108    0    0     0    38 1408  687 13  0 87  0  0  0 2026-10-06 09:13:50
 2  0    140 6138176 172344 7939760    0    0     0   294 1460  718 13  0 87  0  0  0 2026-10-06 09:13:55
 2  0    140 6140648 172344 7940364    0    0     0   345 1416  690 13  0 87  0  0  0 2026-10-06 09:14:00
 2  0    140 6138460 172352 7940940    0    0     0   118 1414  690 13  0 87  0  0  0 2026-10-06 09:14:05
 2  0    140 6112328 172360 7941408    0    0     0    11 1413  692 13  0 87  0  0  0 2026-10-06 09:14:10
 2  0    140 6113112 172368 7942084    0    0     0    26 1447  746 13  0 87  0  0  0 2026-10-06 09:14:15
 2  0    140 6109416 172376 7942456    0    0     0    18 1470  786 13  0 87  0  0  0 2026-10-06 09:14:20
 2  0    140 6096272 172384 7943068    0    0     0    49 1444  712 13  0 87  0  0  0 2026-10-06 09:14:25
 2  0    140 6083256 172396 7943536    0    0     0   350 1457  752 12  0 87  0  0  0 2026-10-06 09:14:30
 2  0    140 6062996 172404 7944144    0    0     0   275 1430  705 13  0 87  0  0  0 2026-10-06 09:14:35
 2  0    140 6060560 172412 7944688    0    0     0   111 1443  713 12  0 87  0  0  0 2026-10-06 09:14:40
procs -----------memory---------- ---swap-- -----io---- -system-- -------cpu------- -----timestamp-----
 r  b   swpd   free   buff  cache   si   so    bi    bo   in   cs us sy id wa st gu                 JST
 4  0    140 6035412 172568 7950312    0    0  1127    26 1774 1243 13  0 87  0  0  0 2026-10-06 09:14:45
 2  0    140 6049260 172608 7952120    0    0   197    36 1511  806 13  0 87  0  0  0 2026-10-06 09:14:50
 2  0    140 6049600 172608 7952752    0    0     0    22 1491  769 13  0 87  0  0  0 2026-10-06 09:14:55
 2  0    140 6050224 172620 7953224    0    0     0    20 1427  707 13  0 87  0  0  0 2026-10-06 09:15:00
 2  0    140 6050868 172628 7953776    0    0     0   348 1478  799 13  0 87  0  0  0 2026-10-06 09:15:05
 2  0    140 6046840 172636 7954232    0    0     0   274 1411  688 13  0 87  0  0  0 2026-10-06 09:15:10
 2  0    140 6050840 172644 7954680    0    0     0    88 1471  789 13  0 87  0  0  0 2026-10-06 09:15:15
 2  0    140 6036040 172652 7955188    0    0     0    83 1441  728 13  0 87  0  0  0 2026-10-06 09:15:20
 2  0    140 6029632 172660 7955832    0    0     0    46 1496  787 13  1 87  0  0  0 2026-10-06 09:15:25
 2  0    140 6020384 172672 7956392    0    0     0    22 1417  696 12  0 87  0  0  0 2026-10-06 09:15:30
 2  0    140 6008912 172680 7956772    0    0     0    14 1467  763 12  0 87  0  0  0 2026-10-06 09:15:35
 2  0    140 6011964 172688 7957420    0    0     0   358 1426  705 13  0 87  0  0  0 2026-10-06 09:15:40
 2  0    140 5999768 172696 7957848    0    0     0   335 1481  797 13  0 87  0  0  0 2026-10-06 09:15:45
 2  0    140 6007424 172696 7958460    0    0     0    23 1432  708 13  0 87  0  0  0 2026-10-06 09:15:50
 2  0    140 5992268 172704 7958936    0    0     0    28 1459  722 13  0 87  0  0  0 2026-10-06 09:15:55
 2  0    140 5984512 172716 7959512    0    0     0    29 1421  702 12  0 87  0  0  0 2026-10-06 09:16:00
